719.074	1500
720.467	1529
721.860	1544
723.253	1529
724.645	1551
726.038	1539
727.429	1538
728.821	1532
730.212	1547
731.603	1531
732.994	1563
734.384	1531
735.774	1555
737.164	1528
738.554	1533
739.943	1534
741.332	1535
742.721	1540
744.109	1548
745.497	1526
746.885	1560
748.272	1550
749.659	1549
751.046	1568
752.433	1568
753.819	1543
755.205	1566
756.591	1540
757.976	1548
759.361	1532
760.746	1547
762.130	1557
763.514	1523
764.898	1545
766.282	1559
767.665	1546
769.048	1523
770.431	1552
771.813	1535
773.195	1538
774.577	1550
775.959	1532
777.340	1526
778.721	1549
780.102	1539
781.482	1558
782.862	1542
784.242	1544
785.621	1550
787.000	1550
788.379	1521
789.758	1541
791.136	1535
792.514	1539
793.892	1564
795.269	1534
796.646	1543
798.023	1524
799.399	1550
800.776	1561
802.152	1547
803.527	1541
804.902	1551
806.278	1533
807.652	1553
809.027	1549
810.401	1565
811.775	1548
813.148	1538
814.521	1544
815.894	1548
817.267	1549
818.639	1532
820.011	1541
821.383	1549
822.755	1539
824.126	1540
825.497	1548
826.867	1534
828.238	1518
829.608	1530
830.977	1547
832.347	1556
833.716	1554
835.085	1545
836.453	1550
837.821	1528
839.189	1544
840.557	1536
841.924	1551
843.291	1518
844.658	1537
846.024	1550
847.391	1532
848.756	1552
850.122	1545
851.487	1551
852.852	1541
854.217	1545
855.581	1555
856.945	1545
858.309	1540
859.673	1548
861.036	1558
862.399	1554
863.761	1539
865.124	1559
866.486	1534
867.847	1534
869.209	1533
870.570	1562
871.931	1559
873.291	1553
874.651	1556
876.011	1537
877.371	1558
878.730	1570
880.089	1554
881.448	1566
882.807	1582
884.165	1565
885.523	1557
886.880	1567
888.238	1558
889.595	1578
890.951	1586
892.308	1555
893.664	1564
895.019	1576
896.375	1606
897.730	1574
899.085	1556
900.440	1588
901.794	1577
903.148	1558
904.502	1584
905.855	1571
907.208	1590
908.561	1556
909.914	1562
911.266	1566
912.618	1546
913.970	1558
915.321	1542
916.672	1551
918.023	1561
919.373	1535
920.723	1562
922.073	1556
923.423	1561
924.772	1572
926.121	1582
927.470	1576
928.818	1560
930.166	1554
931.514	1568
932.862	1572
934.209	1550
935.556	1552
936.903	1553
938.249	1550
939.595	1536
940.941	1545
942.286	1555
943.631	1552
944.976	1553
946.321	1557
947.665	1560
949.009	1536
950.353	1566
951.696	1561
953.039	1558
954.382	1564
955.724	1555
957.067	1538
958.408	1557
959.750	1546
961.091	1568
962.432	1548
963.773	1550
965.113	1556
966.454	1558
967.793	1555
969.133	1547
970.472	1551
971.811	1560
973.150	1568
974.488	1542
975.826	1529
977.164	1555
978.501	1549
979.839	1562
981.175	1530
982.512	1553
983.848	1555
985.184	1556
986.520	1553
987.855	1559
989.191	1536
990.525	1552
991.860	1550
993.194	1548
994.528	1558
995.862	1557
997.195	1554
998.528	1571
999.861	1555
1001.193	1550
1002.525	1561
1003.857	1550
1005.189	1570
1006.520	1529
1007.851	1546
1009.181	1553
1010.512	1540
1011.842	1546
1013.172	1553
1014.501	1556
1015.830	1560
1017.159	1554
1018.488	1560
1019.816	1555
1021.144	1573
1022.472	1558
1023.799	1559
1025.126	1564
1026.453	1577
1027.780	1550
1029.106	1549
1030.432	1559
1031.758	1552
1033.083	1581
1034.408	1558
1035.733	1558
1037.057	1553
1038.381	1537
1039.705	1532
1041.029	1545
1042.352	1542
1043.675	1554
1044.998	1573
1046.320	1561
1047.642	1548
1048.964	1545
1050.285	1553
1051.607	1548
1052.927	1538
1054.248	1536
1055.568	1562
1056.888	1560
1058.208	1560
1059.528	1541
1060.847	1532
1062.166	1542
1063.484	1535
1064.802	1548
1066.120	1561
1067.438	1544
1068.755	1562
1070.072	1561
1071.389	1555
1072.706	1558
1074.022	1580
1075.338	1547
1076.653	1561
1077.968	1549
1079.283	1544
1080.598	1547
1081.913	1555
1083.227	1565
1084.540	1562
1085.854	1559
1087.167	1563
1088.480	1544
1089.793	1550
1091.105	1553
1092.417	1532
1093.729	1563
1095.040	1569
1096.351	1554
1097.662	1549
1098.973	1568
1100.283	1569
1101.593	1566
1102.903	1555
1104.212	1576
1105.521	1565
1106.830	1551
1108.138	1564
1109.447	1579
1110.754	1569
1112.062	1560
1113.369	1564
1114.676	1556
1115.983	1569
1117.290	1560
1118.596	1568
1119.901	1565
1121.207	1586
1122.512	1589
1123.817	1580
1125.122	1564
1126.426	1578
1127.730	1570
1129.034	1587
1130.337	1600
1131.641	1573
1132.943	1572
1134.246	1591
1135.548	1581
1136.850	1591
1138.152	1567
1139.453	1563
1140.754	1586
1142.055	1557
1143.356	1574
1144.656	1608
1145.956	1583
1147.255	1586
1148.555	1586
1149.854	1581
1151.152	1596
1152.451	1582
1153.749	1590
1155.047	1581
1156.344	1586
1157.642	1590
1158.939	1585
1160.235	1567
1161.532	1573
1162.828	1580
1164.123	1592
1165.419	1576
1166.714	1582
1168.009	1569
1169.304	1563
1170.598	1573
1171.892	1599
1173.186	1559
1174.479	1575
1175.772	1572
1177.065	1575
1178.357	1583
1179.650	1602
1180.942	1592
1182.233	1584
1183.525	1593
1184.816	1578
1186.106	1596
1187.397	1599
1188.687	1603
1189.977	1594
1191.266	1596
1192.556	1582
1193.845	1604
1195.133	1578
1196.422	1601
1197.710	1603
1198.997	1590
1200.285	1608
1201.572	1609
1202.859	1602
1204.146	1600
1205.432	1585
1206.718	1623
1208.004	1597
1209.289	1594
1210.574	1610
1211.859	1640
1213.144	1624
1214.428	1596
1215.712	1609
1216.995	1591
1218.279	1611
1219.562	1601
1220.845	1604
1222.127	1598
1223.409	1607
1224.691	1610
1225.973	1596
1227.254	1611
1228.535	1583
1229.816	1587
1231.096	1601
1232.376	1572
1233.656	1593
1234.935	1598
1236.215	1588
1237.493	1609
1238.772	1623
1240.050	1595
1241.328	1608
1242.606	1611
1243.884	1625
1245.161	1621
1246.438	1617
1247.714	1617
1248.990	1624
1250.266	1602
1251.542	1626
1252.817	1613
1254.092	1611
1255.367	1628
1256.642	1625
1257.916	1623
1259.190	1618
1260.463	1629
1261.737	1624
1263.010	1618
1264.282	1618
1265.555	1607
1266.827	1650
1268.099	1625
1269.370	1648
1270.641	1617
1271.912	1648
1273.183	1658
1274.453	1633
1275.723	1649
1276.993	1620
1278.263	1642
1279.532	1665
1280.801	1644
1282.069	1644
1283.337	1646
1284.605	1639
1285.873	1674
1287.140	1664
1288.408	1657
1289.674	1650
1290.941	1683
1292.207	1656
1293.473	1670
1294.738	1670
1296.004	1671
1297.269	1662
1298.534	1649
1299.798	1681
1301.062	1669
1302.326	1672
1303.589	1707
1304.853	1698
1306.116	1716
1307.378	1690
1308.641	1698
1309.903	1710
1311.164	1706
1312.426	1717
1313.687	1711
1314.948	1692
1316.209	1699
1317.469	1690
1318.729	1691
1319.989	1707
1321.248	1713
1322.507	1707
1323.766	1687
1325.024	1732
1326.283	1713
1327.540	1712
1328.798	1725
1330.055	1702
1331.312	1730
1332.569	1743
1333.826	1738
1335.082	1721
1336.338	1732
1337.593	1739
1338.848	1732
1340.103	1729
1341.358	1754
1342.612	1752
1343.866	1748
1345.120	1748
1346.374	1787
1347.627	1722
1348.880	1748
1350.132	1741
1351.385	1764
1352.637	1755
1353.888	1744
1355.140	1767
1356.391	1772
1357.642	1757
1358.892	1754
1360.143	1739
1361.392	1762
1362.642	1810
1363.891	1787
1365.140	1774
1366.389	1788
1367.638	1774
1368.886	1774
1370.134	1781
1371.381	1753
1372.629	1759
1373.876	1789
1375.122	1780
1376.369	1775
1377.615	1791
1378.860	1799
1380.106	1780
1381.351	1789
1382.596	1808
1383.841	1783
1385.085	1785
1386.329	1750
1387.573	1778
1388.816	1786
1390.059	1785
1391.302	1800
1392.545	1800
1393.787	1813
1395.029	1772
1396.271	1802
1397.512	1785
1398.753	1786
1399.994	1793
1401.234	1801
1402.474	1791
1403.714	1794
1404.954	1788
1406.193	1770
1407.432	1788
1408.671	1783
1409.909	1795
1411.147	1768
1412.385	1805
1413.623	1776
1414.860	1799
1416.097	1790
1417.333	1822
1418.570	1811
1419.806	1773
1421.041	1812
1422.277	1769
1423.512	1817
1424.747	1799
1425.981	1792
1427.216	1803
1428.450	1812
1429.683	1789
1430.917	1795
1432.150	1818
1433.383	1797
1434.615	1818
1435.847	1802
1437.079	1793
1438.311	1784
1439.542	1816
1440.773	1818
1442.004	1830
1443.234	1850
1444.464	1824
1445.694	1824
1446.924	1807
1448.153	1812
1449.382	1820
1450.610	1816
1451.839	1811
1453.067	1812
1454.295	1809
1455.522	1783
1456.749	1801
1457.976	1768
1459.203	1787
1460.429	1770
1461.655	1783
1462.881	1799
1464.106	1754
1465.331	1778
1466.556	1751
1467.780	1753
1469.005	1749
1470.229	1781
1471.452	1740
1472.675	1771
1473.898	1781
1475.121	1762
1476.344	1790
1477.566	1766
1478.788	1746
1480.009	1772
1481.230	1766
1482.451	1752
1483.672	1786
1484.892	1762
1486.112	1754
1487.332	1759
1488.552	1779
1489.771	1727
1490.990	1733
1492.208	1763
1493.427	1745
1494.645	1739
1495.862	1751
1497.080	1767
1498.297	1750
1499.514	1742
1500.730	1748
1501.946	1752
1503.162	1754
1504.378	1739
1505.593	1752
1506.808	1706
1508.023	1763
1509.238	1735
1510.452	1732
1511.666	1765
1512.879	1723
1514.092	1753
1515.305	1763
1516.518	1744
1517.730	1752
1518.942	1755
1520.154	1781
1521.366	1766
1522.577	1761
1523.788	1760
1524.998	1724
1526.209	1762
1527.419	1740
1528.628	1749
1529.838	1762
1531.047	1766
1532.256	1705
1533.464	1736
1534.673	1764
1535.881	1776
1537.088	1794
1538.296	1753
1539.503	1744
1540.709	1746
1541.916	1757
1543.122	1748
1544.328	1741
1545.533	1741
1546.739	1729
1547.944	1749
1549.148	1739
1550.353	1728
1551.557	1758
1552.761	1765
1553.964	1741
1555.167	1733
1556.370	1752
1557.573	1741
1558.775	1746
1559.977	1740
1561.179	1751
1562.380	1763
1563.582	1753
1564.782	1794
1565.983	1745
1567.183	1713
1568.383	1769
1569.583	1759
1570.782	1762
1571.981	1744
1573.180	1739
1574.379	1756
1575.577	1730
1576.775	1731
1577.972	1754
1579.170	1720
1580.367	1732
1581.563	1732
1582.760	1733
1583.956	1708
1585.152	1748
1586.347	1744
1587.542	1738
1588.737	1749
1589.932	1724
1591.126	1718
1592.320	1750
1593.514	1744
1594.707	1740
1595.901	1722
1597.093	1738
1598.286	1725
1599.478	1729
1600.670	1719
1601.862	1715
1603.053	1759
1604.244	1702
1605.435	1731
1606.626	1737
1607.816	1761
1609.006	1715
1610.195	1733
1611.385	1723
1612.574	1744
1613.762	1725
1614.951	1707
1616.139	1746
1617.327	1735
1618.514	1746
1619.702	1711
1620.889	1723
1622.075	1730
1623.262	1735
1624.448	1719
1625.633	1720
1626.819	1728
1628.004	1706
1629.189	1743
1630.374	1694
1631.558	1711
1632.742	1743
1633.925	1717
1635.109	1712
1636.292	1705
1637.475	1710
1638.657	1702
1639.840	1722
1641.021	1716
1642.203	1711
1643.384	1728
1644.565	1718
1645.746	1722
1646.927	1731
1648.107	1731
1649.287	1739
1650.466	1726
1651.645	1723
1652.824	1710
1654.003	1722
1655.181	1741
1656.359	1708
1657.537	1693
1658.715	1731
1659.892	1709
1661.069	1723
1662.245	1702
1663.422	1736
1664.598	1709
1665.773	1704
1666.949	1713
1668.124	1717
1669.299	1712
1670.473	1733
1671.648	1666
1672.821	1696
1673.995	1694
1675.168	1725
1676.341	1689
1677.514	1663
1678.687	1694
1679.859	1699
1681.031	1714
1682.202	1706
1683.374	1717
1684.545	1701
1685.715	1723
1686.886	1707
1688.056	1715
1689.225	1713
1690.395	1692
1691.564	1740
1692.733	1687
1693.902	1654
1695.070	1676
1696.238	1680
1697.406	1687
1698.573	1683
1699.740	1683
1700.907	1682
1702.074	1677
1703.240	1705
1704.406	1694
1705.572	1704
1706.737	1690
1707.902	1689
1709.067	1678
1710.231	1692
1711.395	1674
1712.559	1697
1713.723	1675
1714.886	1695
1716.049	1686
1717.212	1686
1718.374	1704
1719.536	1661
1720.698	1678
1721.860	1679
1723.021	1691
1724.182	1664
1725.342	1671
1726.503	1679
1727.663	1681
1728.823	1691
1729.982	1675
1731.141	1671
1732.300	1666
1733.459	1659
1734.617	1681
1735.775	1663
1736.932	1717
1738.090	1678
1739.247	1685
1740.404	1659
1741.560	1670
1742.716	1661
1743.872	1659
1745.028	1642
1746.183	1660
1747.338	1649
1748.493	1655
1749.647	1658
1750.801	1663
1751.955	1654
1753.109	1650
1754.262	1650
1755.415	1661
1756.568	1659
1757.720	1639
1758.872	1635
1760.024	1682
1761.175	1656
1762.326	1680
1763.477	1653
1764.628	1650
1765.778	1656
1766.928	1659
1768.078	1643
1769.227	1640
1770.376	1644
1771.525	1653
1772.674	1641
1773.822	1641
1774.970	1650
1776.117	1659
1777.265	1680
1778.412	1651
1779.558	1663
1780.705	1673
1781.851	1645
1782.997	1661
1784.142	1634
1785.288	1658
1786.433	1673
1787.577	1663
1788.722	1647
1789.866	1650
1791.009	1661
1792.153	1656
1793.296	1660
1794.439	1653
1795.582	1648
1796.724	1672
1797.866	1667
1799.008	1654
1800.149	1652
1801.290	1652
1802.431	1655
1803.571	1635
1804.712	1654
1805.852	1636
1806.991	1616
1808.131	1633
1809.270	1640
1810.408	1643
1811.547	1639
1812.685	1634
1813.823	1643
1814.960	1617
1816.098	1633
1817.235	1658
1818.371	1638
1819.508	1640
1820.644	1640
1821.779	1636
1822.915	1624
1824.050	1643
1825.185	1639
1826.320	1626
1827.454	1635
1828.588	1637
1829.722	1610
1830.855	1614
1831.988	1626
1833.121	1630
1834.254	1597
1835.386	1621
1836.518	1615
1837.649	1624
1838.781	1636
1839.912	1607
1841.043	1626
1842.173	1623
1843.303	1623
1844.433	1609
1845.563	1615
1846.692	1624
1847.821	1626
1848.950	1622
1850.078	1626
1851.206	1642
1852.334	1618
1853.461	1649
1854.589	1617
1855.716	1629
1856.842	1617
1857.969	1630
1859.095	1615
1860.220	1611
1861.346	1608
1862.471	1631
1863.596	1609
1864.720	1621
1865.845	1638
1866.969	1613
1868.092	1600
1869.216	1627
1870.339	1621
1871.461	1625
1872.584	1620
1873.706	1615
1874.828	1615
1875.950	1615
1877.071	1628
1878.192	1625
1879.313	1620
1880.433	1642
1881.553	1614
1882.673	1623
1883.792	1602
1884.912	1649
1886.031	1615
1887.149	1621
1888.268	1636
1889.386	1620
1890.503	1606
1891.621	1612
1892.738	1627
1893.855	1595
1894.971	1590
1896.088	1622
1897.204	1631
1898.319	1608
1899.435	1628
1900.550	1609
1901.665	1632
1902.779	1609
1903.893	1598
1905.007	1614
1906.121	1601
1907.234	1619
1908.347	1615
1909.460	1615
1910.572	1603
1911.684	1617
1912.796	1617
1913.908	1602
1915.019	1602
1916.130	1609
1917.241	1603
1918.351	1615
1919.461	1619
1920.571	1622
1921.680	1635
1922.789	1607
1923.898	1630
1925.007	1611
1926.115	1614
1927.223	1612
1928.331	1631
1929.438	1608
1930.545	1610
1931.652	1617
1932.759	1601
1933.865	1601
1934.971	1607
1936.076	1592
1937.182	1599
1938.287	1595
1939.392	1599
1940.496	1595
1941.600	1599
1942.704	1590
1943.808	1594
1944.911	1605
1946.014	1590
1947.116	1579
1948.219	1587
1949.321	1587
1950.423	1590
1951.524	1612
1952.625	1614
1953.726	1588
1954.827	1576
1955.927	1612
1957.027	1595
1958.127	1586
1959.226	1571
1960.325	1589
1961.424	1566
1962.523	1584
1963.621	1578
1964.719	1591
1965.817	1596
1966.914	1586
1968.011	1571
1969.108	1579
1970.204	1572
1971.300	1589
1972.396	1592
1973.492	1577
1974.587	1563
1975.682	1585
1976.777	1597
1977.871	1565
1978.965	1554
1980.059	1582
1981.153	1572
1982.246	1568
1983.339	1573
1984.431	1572
1985.524	1567
1986.616	1564
1987.707	1548
1988.799	1562
1989.890	1554
1990.981	1564
1992.071	1557
1993.161	1550
1994.251	1573
1995.341	1574
1996.430	1535
1997.520	1562
1998.608	1567
1999.697	1557
2000.785	1564
2001.873	1553
2002.960	1562
2004.048	1543
2005.135	1559
2006.221	1574
2007.308	1555
2008.394	1555
2009.480	1552
2010.565	1566
2011.650	1559
2012.735	1550
2013.820	1552
2014.904	1548
2015.988	1552
2017.072	1562
2018.156	1552
2019.239	1550
2020.322	1544
2021.404	1549
2022.486	1539
2023.568	1547
2024.650	1544
2025.731	1544
2026.813	1531
2027.893	1550
2028.974	1542
2030.054	1549
2031.134	1551
2032.213	1544
2033.293	1556
2034.372	1531
2035.451	1554
2036.529	1533
2037.607	1543
2038.685	1530
2039.762	1541
2040.840	1529
2041.917	1527
2042.993	1521
2044.070	1530
2045.146	1532
2046.221	1557
2047.297	1534
2048.372	1531
2049.447	1536
2050.521	1537
2051.596	1524
2052.670	1545
2053.743	1521
2054.817	1545
2055.890	1539
2056.963	1521
2058.035	1522
2059.107	1533
2060.179	1536
2061.251	1532
2062.322	1525
2063.393	1528
2064.464	1536
2065.534	1534
2066.605	1534
2067.674	1538
2068.744	1525
2069.813	1535
2070.882	1516
2071.951	1528
2073.019	1534
2074.087	1519
2075.155	1531
2076.223	1518
2077.290	1526
2078.357	1519
2079.423	1509
2080.490	1515
2081.556	1526
2082.621	1529
2083.687	1516
2084.752	1524
2085.817	1523
2086.881	1520
2087.945	1512
2089.009	1526
2090.073	1530
2091.136	1507
2092.199	1524
2093.262	1511
2094.324	1527
2095.387	1521
2096.448	1520
2097.510	1513
2098.571	1496
2099.632	1524
2100.693	1510
2101.753	1521
2102.813	1510
2103.873	1519
2104.933	1522
2105.992	1504
2107.051	1508
2108.109	1519
2109.168	1495
2110.226	1504
2111.283	1521
2112.341	1512
2113.398	1496
2114.455	1515
2115.511	1514
2116.568	1501
2117.624	1513
2118.679	1501
2119.735	1516
2120.790	1513
2121.844	1509
2122.899	1508
2123.953	1507
2125.007	1515
2126.060	1505
2127.114	1499
2128.167	1510
2129.219	1507
2130.272	1498
2131.324	1505
2132.376	1518
2133.427	1499
2134.478	1505
2135.529	1498
2136.580	1494
2137.630	1498
2138.680	1526
2139.730	1510
2140.780	1506
2141.829	1500
2142.878	1500
2143.926	1502
2144.974	1484
2146.022	1528
2147.070	1510
2148.117	1510
2149.164	1505
2150.211	1525
2151.258	1499
2152.304	1512
2153.350	1498
2154.395	1504
2155.441	1487
2156.486	1489
2157.530	1499
2158.575	1514
2159.619	1499
2160.663	1496
2161.706	1503
2162.749	1487
2163.792	1496
2164.835	1505
2165.877	1492
2166.919	1499
2167.961	1500
2169.003	1498
2170.044	1506
2171.085	1494
2172.125	1487
2173.166	1492
2174.205	1496
2175.245	1487
2176.285	1509
2177.324	1492
2178.362	1492
2179.401	1484
2180.439	1501
2181.477	1490
2182.515	1482
2183.552	1507
2184.589	1500
2185.626	1495
2186.662	1501
2187.698	1500
2188.734	1509
2189.770	1493
2190.805	1507
2191.840	1482
2192.875	1486
2193.909	1501
2194.943	1486
2195.977	1505
2197.010	1503
2198.043	1496
2199.076	1496
2200.109	1506
2201.141	1493
2202.173	1489
2203.205	1500
2204.236	1494
2205.267	1501
2206.298	1495
2207.329	1485
2208.359	1492
2209.389	1497
2210.418	1491
2211.448	1493
2212.477	1478
2213.505	1500
2214.534	1495
2215.562	1491
2216.590	1492
2217.617	1489
2218.645	1499
2219.672	1487
2220.698	1478
2221.725	1486
2222.751	1490
2223.777	1490
2224.802	1491
2225.827	1492
2226.852	1479
2227.877	1485
2228.901	1497
2229.925	1492
2230.949	1483
2231.972	1473
2232.995	1484
2234.018	1475
2235.041	1480
2236.063	1489
2237.085	1485
2238.107	1504
2239.128	1472
2240.149	1477
2241.170	1489
2242.190	1488
2243.210	1492
2244.230	1491
2245.250	1485
2246.269	1492
2247.288	1486
2248.307	1484
2249.325	1476
2250.343	1483
2251.361	1490
2252.378	1481
2253.396	1490
2254.413	1495
2255.429	1494
2256.446	1489
2257.462	1495
2258.477	1486
2259.493	1490
2260.508	1496
2261.523	1489
2262.537	1486
2263.551	1489
2264.565	1499
2265.579	1483
2266.592	1487
2267.606	1477
2268.618	1490
2269.631	1489
2270.643	1480
2271.655	1481
2272.666	1489
2273.678	1477
2274.689	1482
2275.699	1502
2276.710	1484
2277.720	1482
2278.730	1480
2279.739	1481
2280.748	1472
2281.757	1483
2282.766	1483
2283.774	1484
2284.782	1493
2285.790	1486
2286.798	1480
2287.805	1493
2288.812	1485
2289.818	1481
2290.824	1482
2291.830	1486
2292.836	1483
2293.841	1479
2294.847	1471
2295.851	1497
2296.856	1476
2297.860	1488
2298.864	1488
2299.868	1484
2300.871	1474
2301.874	1482
2302.877	1477
2303.879	1486
2304.881	1487
2305.883	1467
2306.884	1469
2307.886	1477
2308.887	1490
2309.887	1493
2310.888	1482
2311.888	1477
2312.887	1468
2313.887	1485
2314.886	1487
2315.885	1483
2316.884	1465
2317.882	1479
2318.880	1480
2319.878	1485
